              precision    recall  f1-score   support

           0     0.9788    0.9908    0.9848       980
           1     0.9800    0.9912    0.9855      1135
           2     0.9737    0.9700    0.9718      1032
           3     0.9773    0.9782    0.9777      1010
           4     0.9827    0.9807    0.9817       982
           5     0.9732    0.9765    0.9748       892
           6     0.9822    0.9802    0.9812       958
           7     0.9774    0.9660    0.9716      1028
           8     0.9693    0.9713    0.9703       974
           9     0.9749    0.9643    0.9696      1009

    accuracy                         0.9770     10000
   macro avg     0.9769    0.9769    0.9769     10000
weighted avg     0.9770    0.9770    0.9770     10000
