              precision    recall  f1-score   support

           0     0.9937    0.9724    0.9830       980
           1     0.9817    0.9930    0.9873      1135
           2     0.9794    0.9671    0.9732      1032
           3     0.9909    0.9683    0.9795      1010
           4     0.9674    0.9959    0.9814       982
           5     0.9525    0.9899    0.9709       892
           6     0.9702    0.9854    0.9777       958
           7     0.9656    0.9825    0.9740      1028
           8     0.9763    0.9723    0.9743       974
           9     0.9927    0.9445    0.9680      1009

    accuracy                         0.9771     10000
   macro avg     0.9770    0.9771    0.9769     10000
weighted avg     0.9774    0.9771    0.9771     10000
