              precision    recall  f1-score   support

           0     0.9789    0.9929    0.9858       980
           1     0.9877    0.9921    0.9899      1135
           2     0.9749    0.9797    0.9773      1032
           3     0.9891    0.9842    0.9866      1010
           4     0.9888    0.9868    0.9878       982
           5     0.9877    0.9888    0.9882       892
           6     0.9884    0.9802    0.9843       958
           7     0.9739    0.9786    0.9762      1028
           8     0.9824    0.9733    0.9778       974
           9     0.9811    0.9752    0.9781      1009

    accuracy                         0.9832     10000
   macro avg     0.9833    0.9832    0.9832     10000
weighted avg     0.9832    0.9832    0.9832     10000
