              precision    recall  f1-score   support

           0     0.9908    0.9908    0.9908       980
           1     0.9930    0.9938    0.9934      1135
           2     0.9844    0.9787    0.9815      1032
           3     0.9804    0.9901    0.9852      1010
           4     0.9898    0.9888    0.9893       982
           5     0.9842    0.9787    0.9815       892
           6     0.9916    0.9823    0.9869       958
           7     0.9769    0.9864    0.9816      1028
           8     0.9825    0.9825    0.9825       974
           9     0.9832    0.9832    0.9832      1009

    accuracy                         0.9857     10000
   macro avg     0.9857    0.9855    0.9856     10000
weighted avg     0.9857    0.9857    0.9857     10000
