              precision    recall  f1-score   support

           0     0.9499    0.9867    0.9680       980
           1     0.9757    0.9885    0.9821      1135
           2     0.9570    0.9264    0.9414      1032
           3     0.9558    0.9426    0.9492      1010
           4     0.9554    0.9817    0.9684       982
           5     0.9698    0.9350    0.9521       892
           6     0.9596    0.9666    0.9631       958
           7     0.9618    0.9300    0.9456      1028
           8     0.9223    0.9261    0.9242       974
           9     0.9195    0.9395    0.9294      1009

    accuracy                         0.9527     10000
   macro avg     0.9527    0.9523    0.9523     10000
weighted avg     0.9529    0.9527    0.9526     10000
