              precision    recall  f1-score   support

           0     0.9828    0.9888    0.9858       980
           1     0.9954    0.9630    0.9790      1135
           2     0.9919    0.9457    0.9683      1032
           3     0.9440    0.9842    0.9636      1010
           4     0.9968    0.9552    0.9756       982
           5     0.9694    0.9596    0.9645       892
           6     0.9763    0.9885    0.9824       958
           7     0.8900    0.9912    0.9379      1028
           8     0.9703    0.9045    0.9362       974
           9     0.9409    0.9623    0.9515      1009

    accuracy                         0.9644     10000
   macro avg     0.9658    0.9643    0.9645     10000
weighted avg     0.9658    0.9644    0.9645     10000
