              precision    recall  f1-score   support

           0     0.9769    0.9939    0.9853       980
           1     0.9912    0.9912    0.9912      1135
           2     0.9804    0.9690    0.9747      1032
           3     0.9832    0.9871    0.9852      1010
           4     0.9858    0.9888    0.9873       982
           5     0.9910    0.9832    0.9871       892
           6     0.9895    0.9843    0.9869       958
           7     0.9766    0.9737    0.9752      1028
           8     0.9702    0.9682    0.9692       974
           9     0.9724    0.9772    0.9748      1009

    accuracy                         0.9817     10000
   macro avg     0.9817    0.9817    0.9817     10000
weighted avg     0.9817    0.9817    0.9817     10000
