              precision    recall  f1-score   support

           0     0.9513    0.9765    0.9637       980
           1     0.9554    0.9806    0.9678      1135
           2     0.8996    0.9641    0.9308      1032
           3     0.9499    0.9386    0.9442      1010
           4     0.8728    0.9715    0.9195       982
           5     0.9660    0.9238    0.9444       892
           6     0.9444    0.9572    0.9508       958
           7     0.9553    0.8940    0.9236      1028
           8     0.9265    0.8799    0.9026       974
           9     0.9533    0.8702    0.9098      1009

    accuracy                         0.9362     10000
   macro avg     0.9375    0.9356    0.9357     10000
weighted avg     0.9374    0.9362    0.9360     10000
