              precision    recall  f1-score   support

           0     0.9808    0.9929    0.9868       980
           1     0.9868    0.9903    0.9886      1135
           2     0.9806    0.9806    0.9806      1032
           3     0.9881    0.9861    0.9871      1010
           4     0.9857    0.9847    0.9852       982
           5     0.9787    0.9776    0.9781       892
           6     0.9802    0.9802    0.9802       958
           7     0.9796    0.9805    0.9801      1028
           8     0.9753    0.9743    0.9748       974
           9     0.9829    0.9713    0.9771      1009

    accuracy                         0.9820     10000
   macro avg     0.9819    0.9819    0.9819     10000
weighted avg     0.9820    0.9820    0.9820     10000
