              precision    recall  f1-score   support

           0     0.9711    0.9949    0.9829       980
           1     0.9895    0.9947    0.9921      1135
           2     0.9816    0.9845    0.9831      1032
           3     0.9822    0.9851    0.9837      1010
           4     0.9868    0.9878    0.9873       982
           5     0.9909    0.9720    0.9813       892
           6     0.9904    0.9739    0.9821       958
           7     0.9777    0.9825    0.9801      1028
           8     0.9715    0.9805    0.9760       974
           9     0.9828    0.9653    0.9740      1009

    accuracy                         0.9824     10000
   macro avg     0.9825    0.9821    0.9823     10000
weighted avg     0.9825    0.9824    0.9824     10000
