              precision    recall  f1-score   support

           0     0.9907    0.9735    0.9820       980
           1     0.9902    0.9762    0.9831      1135
           2     0.9936    0.8963    0.9424      1032
           3     0.9708    0.9535    0.9620      1010
           4     0.9865    0.9705    0.9784       982
           5     0.9526    0.9922    0.9720       892
           6     0.9823    0.9875    0.9849       958
           7     0.9464    0.9786    0.9622      1028
           8     0.9080    0.9723    0.9390       974
           9     0.9544    0.9752    0.9647      1009

    accuracy                         0.9671     10000
   macro avg     0.9675    0.9676    0.9671     10000
weighted avg     0.9680    0.9671    0.9671     10000
