              precision    recall  f1-score   support

           0     0.9468    0.9622    0.9545       980
           1     0.9911    0.9780    0.9845      1135
           2     0.9519    0.9196    0.9354      1032
           3     0.9447    0.9297    0.9371      1010
           4     0.9472    0.9674    0.9572       982
           5     0.9421    0.8935    0.9171       892
           6     0.9064    0.9603    0.9326       958
           7     0.8857    0.9494    0.9164      1028
           8     0.8315    0.9220    0.8744       974
           9     0.9823    0.8246    0.8966      1009

    accuracy                         0.9314     10000
   macro avg     0.9329    0.9307    0.9306     10000
weighted avg     0.9339    0.9314    0.9314     10000
