              precision    recall  f1-score   support

           0     0.9798    0.9878    0.9837       980
           1     0.9868    0.9903    0.9886      1135
           2     0.9814    0.9709    0.9761      1032
           3     0.9812    0.9822    0.9817      1010
           4     0.9857    0.9796    0.9826       982
           5     0.9832    0.9832    0.9832       892
           6     0.9751    0.9823    0.9787       958
           7     0.9824    0.9786    0.9805      1028
           8     0.9570    0.9825    0.9696       974
           9     0.9878    0.9633    0.9754      1009

    accuracy                         0.9801     10000
   macro avg     0.9800    0.9801    0.9800     10000
weighted avg     0.9802    0.9801    0.9801     10000
