              precision    recall  f1-score   support

           0     0.9711    0.9929    0.9818       980
           1     0.9904    0.9947    0.9925      1135
           2     0.9844    0.9758    0.9800      1032
           3     0.9812    0.9842    0.9827      1010
           4     0.9878    0.9908    0.9893       982
           5     0.9943    0.9709    0.9824       892
           6     0.9936    0.9718    0.9826       958
           7     0.9701    0.9776    0.9738      1028
           8     0.9793    0.9723    0.9758       974
           9     0.9639    0.9802    0.9720      1009

    accuracy                         0.9814     10000
   macro avg     0.9816    0.9811    0.9813     10000
weighted avg     0.9815    0.9814    0.9814     10000
