              precision    recall  f1-score   support

           0     0.9818    0.9929    0.9873       980
           1     0.9886    0.9912    0.9899      1135
           2     0.9864    0.9864    0.9864      1032
           3     0.9833    0.9921    0.9877      1010
           4     0.9877    0.9837    0.9857       982
           5     0.9910    0.9888    0.9899       892
           6     0.9874    0.9843    0.9859       958
           7     0.9825    0.9844    0.9835      1028
           8     0.9845    0.9764    0.9804       974
           9     0.9840    0.9762    0.9801      1009

    accuracy                         0.9857     10000
   macro avg     0.9857    0.9856    0.9857     10000
weighted avg     0.9857    0.9857    0.9857     10000
