              precision    recall  f1-score   support

           0     0.9612    0.9867    0.9738       980
           1     0.9859    0.9850    0.9855      1135
           2     0.9704    0.9525    0.9614      1032
           3     0.9585    0.9842    0.9712      1010
           4     0.9618    0.9745    0.9681       982
           5     0.9721    0.9753    0.9737       892
           6     0.9748    0.9697    0.9723       958
           7     0.9645    0.9504    0.9574      1028
           8     0.9532    0.9415    0.9473       974
           9     0.9597    0.9435    0.9515      1009

    accuracy                         0.9664     10000
   macro avg     0.9662    0.9663    0.9662     10000
weighted avg     0.9664    0.9664    0.9663     10000
