              precision    recall  f1-score   support

           0     0.9788    0.9898    0.9843       980
           1     0.9860    0.9921    0.9890      1135
           2     0.9750    0.9826    0.9788      1032
           3     0.9832    0.9832    0.9832      1010
           4     0.9847    0.9857    0.9852       982
           5     0.9767    0.9865    0.9816       892
           6     0.9905    0.9812    0.9858       958
           7     0.9862    0.9728    0.9794      1028
           8     0.9783    0.9723    0.9753       974
           9     0.9800    0.9732    0.9766      1009

    accuracy                         0.9820     10000
   macro avg     0.9819    0.9819    0.9819     10000
weighted avg     0.9820    0.9820    0.9820     10000
