              precision    recall  f1-score   support

           0     0.9576    0.9918    0.9744       980
           1     0.9841    0.9841    0.9841      1135
           2     0.9684    0.9506    0.9594      1032
           3     0.9633    0.9614    0.9623      1010
           4     0.9774    0.9674    0.9724       982
           5     0.9437    0.9776    0.9604       892
           6     0.9670    0.9802    0.9736       958
           7     0.9493    0.9660    0.9576      1028
           8     0.9637    0.9271    0.9451       974
           9     0.9724    0.9435    0.9577      1009

    accuracy                         0.9650     10000
   macro avg     0.9647    0.9650    0.9647     10000
weighted avg     0.9652    0.9650    0.9649     10000
