              precision    recall  f1-score   support

           0     0.9730    0.9918    0.9823       980
           1     0.9826    0.9930    0.9877      1135
           2     0.9662    0.9680    0.9671      1032
           3     0.9687    0.9812    0.9749      1010
           4     0.9886    0.9674    0.9779       982
           5     0.9942    0.9563    0.9749       892
           6     0.9812    0.9812    0.9812       958
           7     0.9634    0.9728    0.9681      1028
           8     0.9781    0.9610    0.9694       974
           9     0.9590    0.9742    0.9666      1009

    accuracy                         0.9751     10000
   macro avg     0.9755    0.9747    0.9750     10000
weighted avg     0.9752    0.9751    0.9751     10000
