              precision    recall  f1-score   support

           0     0.9721    0.9939    0.9828       980
           1     0.9834    0.9903    0.9868      1135
           2     0.9765    0.9680    0.9723      1032
           3     0.9858    0.9624    0.9739      1010
           4     0.9749    0.9898    0.9823       982
           5     0.9776    0.9776    0.9776       892
           6     0.9813    0.9885    0.9849       958
           7     0.9725    0.9630    0.9677      1028
           8     0.9598    0.9795    0.9695       974
           9     0.9867    0.9584    0.9723      1009

    accuracy                         0.9771     10000
   macro avg     0.9771    0.9771    0.9770     10000
weighted avg     0.9772    0.9771    0.9771     10000
