              precision    recall  f1-score   support

           0     0.9783    0.9663    0.9723       980
           1     0.9874    0.9656    0.9764      1135
           2     0.9537    0.9583    0.9560      1032
           3     0.9516    0.9723    0.9618      1010
           4     0.9434    0.9847    0.9636       982
           5     0.9506    0.9709    0.9606       892
           6     0.9591    0.9791    0.9690       958
           7     0.9319    0.9582    0.9448      1028
           8     0.9323    0.9466    0.9394       974
           9     0.9933    0.8791    0.9327      1009

    accuracy                         0.9579     10000
   macro avg     0.9581    0.9581    0.9577     10000
weighted avg     0.9586    0.9579    0.9578     10000
