              precision    recall  f1-score   support

           0     0.9710    0.9918    0.9813       980
           1     0.9781    0.9824    0.9802      1135
           2     0.9947    0.9176    0.9546      1032
           3     0.9926    0.9248    0.9575      1010
           4     0.9775    0.9715    0.9745       982
           5     0.9893    0.9316    0.9596       892
           6     0.9631    0.9812    0.9721       958
           7     0.8891    0.9903    0.9370      1028
           8     0.8889    0.9774    0.9311       974
           9     0.9875    0.9376    0.9619      1009

    accuracy                         0.9609     10000
   macro avg     0.9632    0.9606    0.9610     10000
weighted avg     0.9632    0.9609    0.9611     10000
