              precision    recall  f1-score   support

           0     0.9828    0.9929    0.9878       980
           1     0.9912    0.9930    0.9921      1135
           2     0.9816    0.9845    0.9831      1032
           3     0.9842    0.9881    0.9862      1010
           4     0.9888    0.9888    0.9888       982
           5     0.9865    0.9865    0.9865       892
           6     0.9884    0.9823    0.9853       958
           7     0.9844    0.9835    0.9839      1028
           8     0.9835    0.9815    0.9825       974
           9     0.9860    0.9762    0.9811      1009

    accuracy                         0.9858     10000
   macro avg     0.9858    0.9857    0.9857     10000
weighted avg     0.9858    0.9858    0.9858     10000
