              precision    recall  f1-score   support

           0     0.9848    0.9939    0.9893       980
           1     0.9878    0.9947    0.9912      1135
           2     0.9760    0.9845    0.9802      1032
           3     0.9881    0.9842    0.9861      1010
           4     0.9829    0.9949    0.9889       982
           5     0.9887    0.9832    0.9859       892
           6     0.9864    0.9854    0.9859       958
           7     0.9843    0.9747    0.9795      1028
           8     0.9754    0.9774    0.9764       974
           9     0.9909    0.9713    0.9810      1009

    accuracy                         0.9845     10000
   macro avg     0.9845    0.9844    0.9844     10000
weighted avg     0.9845    0.9845    0.9845     10000
